012-ES
014-ES
016
017
019
020
021-ES
023-ES
029
035
047
058
059
060
062-FR
069-PL
071-V
076
090
094
106
122
129
139
149
165
204
217
233
236
238
239
274
280
293
299
307
339
352
353
354
363
378
396
409
469
505
510
517-ARC
532
560-V
571
575
582
589
600-V
610
631
638
659
667
673
682
689
734
742
743
747-V
748
770
771
775
785
804
813
835
836
858
861
870
902
938
939
940
953
957
968
1000
1001-RU
1003
1007-RU
1009
1009-RU
1013
1018-RU
1027-RU
1029-RU
1046-RU
1048
1051-RU
1053
1053-RU
1054-RU
1055
1062-RU
1069-RU
1089-RU
1095
1100
1104
1118-RU
1124
1141
1155
1157
1170-RU
1175-RU
1179
1188-RU
1206-RU
1220-RU
1234
1237
1240-RU
1258-RU
1262
1266-RU
1269-RU
1272-RU
1275
1286
1297
1303-RU
1322
1350
1368
1440
1447
1462
1504
1505
1506
1512
1527
1537
1547
1583
1591
1616
1621
1647
1698
1717
1736
1745
1748
1755
1765
1769
1788
1790
1812
1824
1838
1861
1879
1887
1955-RU
1965
1968
1969
1983
1984
1995
2004
2006
2049
2055
2075
2076
2123
2163
2191
2202
2301
2312
2317
2324
2336
2343
2439
2460
2468
2480
2490
2521
2615
2636
2662
2690
2852
2875
2886
2894
2950
2995
